1.00000 0.00000 
0.99974 0.00085 
0.99392 0.00159 
0.98578 0.00307 
0.97290 0.00499 
0.94617 0.00876 
0.91866 0.01274 
0.88020 0.01864 
0.83393 0.02611 
0.79263 0.03228 
0.73829 0.04008 
0.68535 0.04742 
0.63333 0.05440 
0.58021 0.06127 
0.53232 0.06738
0.48264 0.07291
0.44197 0.07676
0.38814 0.08039
0.32774 0.08186
0.26612 0.08023
0.21066 0.07548
0.14521 0.06478
0.09684 0.05300
0.06230 0.04164
0.04043 0.03241
0.02021 0.02210
0.01003 0.01499
0.00152 0.00614
0.00000 0.00000
0.00089 -.00334
0.00310 -.00596
0.00816 -.00968
0.01807 -.01343
0.03718 -.01680
0.07273 -.02114
0.13766 -.02413
0.20297 -.02449
0.26877 -.02305
0.34581 -.02057
0.42989 -.01762
0.49449 -.01526                   
0.56883 -.01258
0.63816 -.01012
0.69937 -.00831
0.75692 -.00681
0.82133 -.00505
0.87969 -.00361
0.92076 -.00233
0.96116 -.00099
0.98546 -.00048
0.98991 -.00068
0.99485 -.00044
0.99873 -.00063
1.00000 0.00000                   